[
[[48.649812,-2.111877]
,[48.6990,-2.2861]
,[48.6489,-2.7954]
,[48.8648,-2.9741]
,[48.9020,-3.0471]
,[48.8878, -3.2046]
,[48.8465,-3.5021]
,[48.8154,-3.6020 ]
,[48.7368, -3.6762 ]
,[48.7685, -3.9605 ]
,[48.756262,-4.029690]
,[48.6461,-4.5758]
,[48.5291,-4.9895]
,[48.4652,-5.1938]
,[48.4292,-5.1739]
,[48.40,-4.99]
,[48.35,-4.9554]
,[48.26,-4.7]
,[48.015243,-4.891276]
,[47.763971,-4.385763]
,[48.646213,-2.096548]
,[48.649812,-2.111877]]
,[[49.943894,-6.457296]
,[49.850124,-6.435324]
,[49.850124,-6.341940]
,[49.941243,-6.208731]
,[50.003070,-6.335073]
,[49.943894,-6.457296]]


,[[51.5136, -8.8149]
,[51.4100,-9.5126]
,[51.4392,-9.8285]
,[51.5794,-10.2433]
,[52.0440,-10.6320]
,[52.5626,-10.0192]
,[51.5136, -8.8149]]


,[[49.4561, -2.7178]
,[ 49.5335, -2.5599]
,[49.4313, -2.2990]
,[49.3806, -2.3601]
,[49.4030, -2.6505]
,[49.4561, -2.7178]]

,[[50.2489,-5.5130 ]
,[50.100221,-5.754583]
,[50.061887,-5.750120]
,[50.031462,-5.687978]


,[49.951660,-5.217768]
,[49.954090,-5.183092]
,[49.995560,-5.094304]
,[49.995560,-5.094304]
,[50.2489,-5.5130 ]]

,[[39.131607,-28.184374]
,[38.558317,-28.892992]
,[38.282879,-28.014086]
,[38.429336,-27.190111]
,[38.747071,-26.844042]
,[39.131607,-28.184374]]
,[[39.776302,-31.257423]
,[39.708721,-30.848182]
,[39.2780,-31.1929]
,[39.331591,-31.413978]
,[39.776302,-31.257423]]

,[[16.992346,-61.717527]
,[17.043493,-61.647890]
,[17.619648,-61.716555]
,[17.7523,-61.8949]
,[17.0085,-61.9110]
,[16.992346,-61.717527]]

,[[ 49.0949,-2.8220]
,[49.0998,-2.8050 ]
,[49.1173,-2.8129 ]
,[ 49.1134,-2.8340]
,[ 49.0949,-2.8220]]

,[[ 28.8735,-17.9514]
,[ 30.3243, -15.9198]
,[28.9370, -10.5428]
,[ 27.9362,-14.0288]
,[27.5862, -18.4458]
,[ 28.8735,-17.9514]]

,[[16.247706,-61.169563]
,[16.1810,-61.0987]
,[15.898272,-61.198135]
,[15.638850,-61.463826]
,[16.239012,-61.292945]
,[16.247706,-61.169563]]

,[[15.871690,-61.652440]
,[15.895300,-61.571588]
,[15.859697,-61.545838]
,[15.813951,-61.603002]
,[15.8471,-61.6515]
,[15.871690,-61.652440]]

,[[16.299772,-61.109561]
,[16.2768,-61.0871]
,[16.337396,-60.991458]
,[16.358212,-61.011714]
,[16.299772,-61.109561]]

,[[48.883528,-3.517106]
,[48.868399,-3.505433]
,[48.893460,-3.418916]
,[48.909710,-3.442262]
,[48.883528,-3.517106]]

,[[16.3789,-61.786012]
,[16.307682,-61.814851]
, [16.248089,-61.812776]
,[16.0574,-61.7765]
,[15.9485,-61.7192]
,[15.9415,-61.6930]
,[15.966853,-61.613382]
,[16.033796,-61.550897]
,[16.128804,-61.554378]
,[16.2758,-61.5928]
,[16.2505,-61.1683]
,[16.5211,-61.4647]
,[16.3789,-61.786012]]

]